0 3 14 10 11 14 14 1073741824 13 16 
1073741824 0 11 7 8 11 11 1073741824 10 13 
1073741824 1073741824 0 1073741824 1073741824 0 1073741824 1073741824 1 4 
1073741824 1073741824 5 0 1 5 4 1073741824 3 6 
1073741824 1073741824 4 3 0 4 3 1073741824 2 5 
1073741824 1073741824 1073741824 1073741824 1073741824 0 1073741824 1073741824 1 4 
1073741824 1073741824 5 0 1 5 0 1073741824 3 6 
1073741824 1073741824 7 2 3 7 2 0 5 8 
1073741824 1073741824 1073741824 1073741824 1073741824 3 1073741824 1073741824 0 3 
1073741824 1073741824 1073741824 1073741824 1073741824 0 1073741824 1073741824 1 0 
