0 10 15 15 23 25 12 15 27 22 33 26 31 37 36 36 42 50 49 49 66 58 76 76 63 79 69 78 76 82 88 92 99 112 104 121 115 118 121 129 135 144 140 1073741824 134 120 119 1073741824 97 -413 
1073741824 0 1073741824 5 1073741824 15 2 5 17 12 23 16 21 27 26 26 32 40 39 39 56 48 66 66 53 69 59 68 66 72 78 82 89 102 94 111 105 108 111 119 125 134 130 1073741824 124 110 109 92 87 -423 
1073741824 1073741824 0 20 8 13 28 31 43 38 49 42 47 53 52 52 58 66 65 65 82 74 92 92 79 95 85 94 92 98 104 108 115 128 120 137 131 134 137 145 151 160 156 1073741824 150 136 135 1073741824 113 -397 
1073741824 1073741824 1073741824 0 1073741824 10 25 28 40 35 46 39 44 50 49 49 55 63 62 62 79 71 89 89 76 92 82 91 89 95 101 105 112 125 117 134 128 131 134 142 148 157 153 1073741824 147 133 132 115 110 -400 
1073741824 1073741824 1073741824 1073741824 0 5 20 23 35 30 41 34 39 45 44 44 50 58 57 57 74 66 84 84 71 87 77 86 84 90 96 100 107 120 112 129 123 126 129 137 143 152 148 1073741824 142 128 127 110 105 -405 
1073741824 1073741824 1073741824 1073741824 1073741824 0 15 18 30 25 36 29 34 40 39 39 45 53 52 52 69 61 79 79 66 82 72 81 79 85 91 95 102 115 107 124 118 121 124 132 138 147 143 157 137 123 122 105 100 -410 
1073741824 1073741824 1073741824 1073741824 1073741824 1073741824 0 3 15 10 21 14 19 25 24 24 30 38 37 37 54 46 64 64 51 67 57 66 64 70 76 80 87 100 92 109 103 106 109 117 123 132 128 142 122 108 107 90 85 -425 
1073741824 1073741824 1073741824 1073741824 1073741824 1073741824 1073741824 0 12 7 18 11 16 22 21 21 27 35 34 34 51 43 61 61 48 64 54 63 61 67 73 77 84 97 89 106 100 103 106 114 120 129 125 139 119 105 104 87 82 -428 
1073741824 1073741824 1073741824 1073741824 1073741824 1073741824 1073741824 1073741824 0 1073741824 6 1073741824 1073741824 14 1073741824 1073741824 34 42 1073741824 41 58 53 68 71 58 71 64 73 71 77 83 87 94 107 99 116 110 113 116 124 130 139 135 149 129 115 114 97 92 -418 
1073741824 1073741824 1073741824 1073741824 1073741824 1073741824 1073741824 1073741824 1073741824 0 1073741824 4 9 15 14 14 20 28 27 27 44 36 54 54 41 57 47 56 54 60 66 70 77 90 82 99 93 96 99 107 113 122 118 132 112 98 97 80 75 -435 
1073741824 1073741824 1073741824 1073741824 1073741824 1073741824 1073741824 1073741824 1073741824 1073741824 0 1073741824 1073741824 8 1073741824 1073741824 28 36 1073741824 35 52 47 62 65 52 65 58 67 65 71 77 81 88 101 93 110 104 107 110 118 124 133 129 143 123 109 108 91 86 -424 
1073741824 1073741824 1073741824 1073741824 1073741824 1073741824 1073741824 1073741824 1073741824 1073741824 1073741824 0 1073741824 11 10 1073741824 16 24 1073741824 23 40 35 50 53 40 53 46 55 53 59 65 69 76 89 81 98 92 95 98 106 112 121 117 131 111 97 96 79 74 -436 
1073741824 1073741824 1073741824 1073741824 1073741824 1073741824 1073741824 1073741824 1073741824 1073741824 1073741824 1073741824 0 1073741824 1073741824 5 1073741824 19 18 1073741824 35 27 45 45 32 48 38 47 45 51 57 61 68 81 73 90 84 87 90 98 104 113 109 123 103 89 88 71 66 -444 
1073741824 1073741824 1073741824 1073741824 1073741824 1073741824 1073741824 1073741824 1073741824 1073741824 1073741824 1073741824 1073741824 0 1073741824 1073741824 20 28 1073741824 27 44 39 54 57 44 57 50 59 57 63 69 73 80 93 85 102 96 99 102 110 116 125 121 135 115 101 100 83 78 -432 
1073741824 1073741824 1073741824 1073741824 1073741824 1073741824 1073741824 1073741824 1073741824 1073741824 1073741824 1073741824 1073741824 1073741824 0 1073741824 6 14 1073741824 13 30 25 40 43 30 43 36 45 43 49 55 59 66 79 71 88 82 85 88 96 102 111 107 121 101 87 86 69 64 -446 
1073741824 1073741824 1073741824 1073741824 1073741824 1073741824 1073741824 1073741824 1073741824 1073741824 1073741824 1073741824 1073741824 1073741824 1073741824 0 1073741824 14 13 1073741824 30 22 40 40 27 43 33 42 40 46 52 56 63 76 68 85 79 82 85 93 99 108 104 118 98 84 83 66 61 -449 
1073741824 1073741824 1073741824 1073741824 1073741824 1073741824 1073741824 1073741824 1073741824 1073741824 1073741824 1073741824 1073741824 1073741824 1073741824 1073741824 0 8 1073741824 7 24 19 34 37 24 37 30 39 37 43 49 53 60 73 65 82 76 79 82 90 96 105 101 115 95 81 80 63 58 -452 
1073741824 1073741824 1073741824 1073741824 1073741824 1073741824 1073741824 1073741824 1073741824 1073741824 1073741824 1073741824 1073741824 1073741824 1073741824 1073741824 1073741824 0 1073741824 1073741824 16 1073741824 26 1073741824 1073741824 29 1073741824 43 1073741824 47 55 57 64 77 69 86 80 83 86 94 100 109 105 119 99 85 84 67 62 -448 
1073741824 1073741824 1073741824 1073741824 1073741824 1073741824 1073741824 1073741824 1073741824 1073741824 1073741824 1073741824 1073741824 1073741824 1073741824 1073741824 1073741824 1073741824 0 1073741824 1073741824 9 1073741824 27 14 38 20 29 27 33 39 43 50 63 55 72 66 69 72 80 86 95 91 105 85 71 70 53 48 -462 
1073741824 1073741824 1073741824 1073741824 1073741824 1073741824 1073741824 1073741824 1073741824 1073741824 1073741824 1073741824 1073741824 1073741824 1073741824 1073741824 1073741824 1073741824 1073741824 0 1073741824 12 1073741824 30 17 41 23 32 30 36 42 46 53 66 58 75 69 72 75 83 89 98 94 108 88 74 73 56 51 -459 
1073741824 1073741824 1073741824 1073741824 1073741824 1073741824 1073741824 1073741824 1073741824 1073741824 1073741824 1073741824 1073741824 1073741824 1073741824 1073741824 1073741824 1073741824 1073741824 1073741824 0 1073741824 10 1073741824 1073741824 13 1073741824 27 1073741824 31 39 41 48 61 53 70 64 67 70 78 84 93 89 103 83 69 68 51 46 -464 
1073741824 1073741824 1073741824 1073741824 1073741824 1073741824 1073741824 1073741824 1073741824 1073741824 1073741824 1073741824 1073741824 1073741824 1073741824 1073741824 1073741824 1073741824 1073741824 1073741824 1073741824 0 1073741824 18 5 29 11 20 18 24 30 34 41 54 46 63 57 60 63 71 77 86 82 96 76 62 61 44 39 -471 
1073741824 1073741824 1073741824 1073741824 1073741824 1073741824 1073741824 1073741824 1073741824 1073741824 1073741824 1073741824 1073741824 1073741824 1073741824 1073741824 1073741824 1073741824 1073741824 1073741824 1073741824 1073741824 0 1073741824 1073741824 3 1073741824 17 1073741824 21 29 31 38 51 43 60 54 57 60 68 74 83 79 93 73 59 58 41 36 -474 
1073741824 1073741824 1073741824 1073741824 1073741824 1073741824 1073741824 1073741824 1073741824 1073741824 1073741824 1073741824 1073741824 1073741824 1073741824 1073741824 1073741824 1073741824 1073741824 1073741824 1073741824 1073741824 1073741824 0 1073741824 11 1073741824 25 1073741824 29 37 39 46 59 51 68 62 65 68 76 82 91 87 101 81 67 66 49 44 -466 
1073741824 1073741824 1073741824 1073741824 1073741824 1073741824 1073741824 1073741824 1073741824 1073741824 1073741824 1073741824 1073741824 1073741824 1073741824 1073741824 1073741824 1073741824 1073741824 1073741824 1073741824 1073741824 1073741824 1073741824 0 1073741824 6 15 13 19 25 29 36 49 41 58 52 55 58 66 72 81 77 91 71 57 56 39 34 -476 
1073741824 1073741824 1073741824 1073741824 1073741824 1073741824 1073741824 1073741824 1073741824 1073741824 1073741824 1073741824 1073741824 1073741824 1073741824 1073741824 1073741824 1073741824 1073741824 1073741824 1073741824 1073741824 1073741824 1073741824 1073741824 0 1073741824 14 1073741824 18 26 28 35 48 40 57 51 54 57 65 71 80 76 90 70 56 55 38 33 -477 
1073741824 1073741824 1073741824 1073741824 1073741824 1073741824 1073741824 1073741824 1073741824 1073741824 1073741824 1073741824 1073741824 1073741824 1073741824 1073741824 1073741824 1073741824 1073741824 1073741824 1073741824 1073741824 1073741824 1073741824 1073741824 1073741824 0 9 7 13 19 23 30 43 35 52 46 49 52 60 66 75 71 85 65 51 50 33 28 -482 
1073741824 1073741824 1073741824 1073741824 1073741824 1073741824 1073741824 1073741824 1073741824 1073741824 1073741824 1073741824 1073741824 1073741824 1073741824 1073741824 1073741824 1073741824 1073741824 1073741824 1073741824 1073741824 1073741824 1073741824 1073741824 1073741824 1073741824 0 1073741824 4 12 14 21 34 26 43 37 40 43 51 57 66 62 76 56 42 41 24 19 -491 
1073741824 1073741824 1073741824 1073741824 1073741824 1073741824 1073741824 1073741824 1073741824 1073741824 1073741824 1073741824 1073741824 1073741824 1073741824 1073741824 1073741824 1073741824 1073741824 1073741824 1073741824 1073741824 1073741824 1073741824 1073741824 1073741824 1073741824 1073741824 0 1073741824 12 1073741824 28 41 33 50 44 47 50 58 64 73 69 83 63 49 48 31 26 -484 
1073741824 1073741824 1073741824 1073741824 1073741824 1073741824 1073741824 1073741824 1073741824 1073741824 1073741824 1073741824 1073741824 1073741824 1073741824 1073741824 1073741824 1073741824 1073741824 1073741824 1073741824 1073741824 1073741824 1073741824 1073741824 1073741824 1073741824 1073741824 1073741824 0 8 10 17 30 22 39 33 36 39 47 53 62 58 72 52 38 37 20 15 -495 
1073741824 1073741824 1073741824 1073741824 1073741824 1073741824 1073741824 1073741824 1073741824 1073741824 1073741824 1073741824 1073741824 1073741824 1073741824 1073741824 1073741824 1073741824 1073741824 1073741824 1073741824 1073741824 1073741824 1073741824 1073741824 1073741824 1073741824 1073741824 1073741824 1073741824 0 1073741824 16 29 21 38 32 35 38 46 52 61 57 71 51 37 36 19 14 -496 
1073741824 1073741824 1073741824 1073741824 1073741824 1073741824 1073741824 1073741824 1073741824 1073741824 1073741824 1073741824 1073741824 1073741824 1073741824 1073741824 1073741824 1073741824 1073741824 1073741824 1073741824 1073741824 1073741824 1073741824 1073741824 1073741824 1073741824 1073741824 1073741824 1073741824 1073741824 0 7 20 12 29 23 26 29 37 43 52 48 62 42 28 27 10 5 -505 
1073741824 1073741824 1073741824 1073741824 1073741824 1073741824 1073741824 1073741824 1073741824 1073741824 1073741824 1073741824 1073741824 1073741824 1073741824 1073741824 1073741824 1073741824 1073741824 1073741824 1073741824 1073741824 1073741824 1073741824 1073741824 1073741824 1073741824 1073741824 1073741824 1073741824 1073741824 1073741824 0 13 5 22 16 19 22 30 36 45 41 55 35 21 20 3 -2 -512 
1073741824 1073741824 1073741824 1073741824 1073741824 1073741824 1073741824 1073741824 1073741824 1073741824 1073741824 1073741824 1073741824 1073741824 1073741824 1073741824 1073741824 1073741824 1073741824 1073741824 1073741824 1073741824 1073741824 1073741824 1073741824 1073741824 1073741824 1073741824 1073741824 1073741824 1073741824 1073741824 1073741824 0 1073741824 9 1073741824 26 1073741824 38 1073741824 53 1073741824 63 1073741824 50 1073741824 32 3 -6 
1073741824 1073741824 1073741824 1073741824 1073741824 1073741824 1073741824 1073741824 1073741824 1073741824 1073741824 1073741824 1073741824 1073741824 1073741824 1073741824 1073741824 1073741824 1073741824 1073741824 1073741824 1073741824 1073741824 1073741824 1073741824 1073741824 1073741824 1073741824 1073741824 1073741824 1073741824 1073741824 1073741824 1073741824 0 1073741824 11 14 17 25 31 40 36 50 30 16 15 -2 -7 -517 
1073741824 1073741824 1073741824 1073741824 1073741824 1073741824 1073741824 1073741824 1073741824 1073741824 1073741824 1073741824 1073741824 1073741824 1073741824 1073741824 1073741824 1073741824 1073741824 1073741824 1073741824 1073741824 1073741824 1073741824 1073741824 1073741824 1073741824 1073741824 1073741824 1073741824 1073741824 1073741824 1073741824 1073741824 1073741824 0 1073741824 17 1073741824 29 1073741824 44 1073741824 54 1073741824 41 1073741824 23 -6 -15 
1073741824 1073741824 1073741824 1073741824 1073741824 1073741824 1073741824 1073741824 1073741824 1073741824 1073741824 1073741824 1073741824 1073741824 1073741824 1073741824 1073741824 1073741824 1073741824 1073741824 1073741824 1073741824 1073741824 1073741824 1073741824 1073741824 1073741824 1073741824 1073741824 1073741824 1073741824 1073741824 1073741824 1073741824 1073741824 1073741824 0 3 6 14 20 29 25 39 19 5 4 -13 -18 -528 
1073741824 1073741824 1073741824 1073741824 1073741824 1073741824 1073741824 1073741824 1073741824 1073741824 1073741824 1073741824 1073741824 1073741824 1073741824 1073741824 1073741824 1073741824 1073741824 1073741824 1073741824 1073741824 1073741824 1073741824 1073741824 1073741824 1073741824 1073741824 1073741824 1073741824 1073741824 1073741824 1073741824 1073741824 1073741824 1073741824 1073741824 0 1073741824 12 1073741824 27 1073741824 37 1073741824 24 1073741824 6 -23 -32 
1073741824 1073741824 1073741824 1073741824 1073741824 1073741824 1073741824 1073741824 1073741824 1073741824 1073741824 1073741824 1073741824 1073741824 1073741824 1073741824 1073741824 1073741824 1073741824 1073741824 1073741824 1073741824 1073741824 1073741824 1073741824 1073741824 1073741824 1073741824 1073741824 1073741824 1073741824 1073741824 1073741824 1073741824 1073741824 1073741824 1073741824 1073741824 0 8 14 23 19 33 13 -1 -2 -19 -24 -534 
1073741824 1073741824 1073741824 1073741824 1073741824 1073741824 1073741824 1073741824 1073741824 1073741824 1073741824 1073741824 1073741824 1073741824 1073741824 1073741824 1073741824 1073741824 1073741824 1073741824 1073741824 1073741824 1073741824 1073741824 1073741824 1073741824 1073741824 1073741824 1073741824 1073741824 1073741824 1073741824 1073741824 1073741824 1073741824 1073741824 1073741824 1073741824 1073741824 0 1073741824 15 1073741824 25 1073741824 12 1073741824 -6 -35 -44 
1073741824 1073741824 1073741824 1073741824 1073741824 1073741824 1073741824 1073741824 1073741824 1073741824 1073741824 1073741824 1073741824 1073741824 1073741824 1073741824 1073741824 1073741824 1073741824 1073741824 1073741824 1073741824 1073741824 1073741824 1073741824 1073741824 1073741824 1073741824 1073741824 1073741824 1073741824 1073741824 1073741824 1073741824 1073741824 1073741824 1073741824 1073741824 1073741824 1073741824 0 1073741824 5 1073741824 -1 -15 -16 -33 -38 -548 
1073741824 1073741824 1073741824 1073741824 1073741824 1073741824 1073741824 1073741824 1073741824 1073741824 1073741824 1073741824 1073741824 1073741824 1073741824 1073741824 1073741824 1073741824 1073741824 1073741824 1073741824 1073741824 1073741824 1073741824 1073741824 1073741824 1073741824 1073741824 1073741824 1073741824 1073741824 1073741824 1073741824 1073741824 1073741824 1073741824 1073741824 1073741824 1073741824 1073741824 1073741824 0 1073741824 10 1073741824 -3 1073741824 -21 -50 -59 
1073741824 1073741824 1073741824 1073741824 1073741824 1073741824 1073741824 1073741824 1073741824 1073741824 1073741824 1073741824 1073741824 1073741824 1073741824 1073741824 1073741824 1073741824 1073741824 1073741824 1073741824 1073741824 1073741824 1073741824 1073741824 1073741824 1073741824 1073741824 1073741824 1073741824 1073741824 1073741824 1073741824 1073741824 1073741824 1073741824 1073741824 1073741824 1073741824 1073741824 1073741824 1073741824 0 1073741824 0 -20 -21 -38 -43 -553 
1073741824 1073741824 1073741824 1073741824 1073741824 1073741824 1073741824 1073741824 1073741824 1073741824 1073741824 1073741824 1073741824 1073741824 1073741824 1073741824 1073741824 1073741824 1073741824 1073741824 1073741824 1073741824 1073741824 1073741824 1073741824 1073741824 1073741824 1073741824 1073741824 1073741824 1073741824 1073741824 1073741824 1073741824 1073741824 1073741824 1073741824 1073741824 1073741824 1073741824 1073741824 1073741824 1073741824 0 1073741824 1 1073741824 -31 -60 -69 
1073741824 1073741824 1073741824 1073741824 1073741824 1073741824 1073741824 1073741824 1073741824 1073741824 1073741824 1073741824 1073741824 1073741824 1073741824 1073741824 1073741824 1073741824 1073741824 1073741824 1073741824 1073741824 1073741824 1073741824 1073741824 1073741824 1073741824 1073741824 1073741824 1073741824 1073741824 1073741824 1073741824 1073741824 1073741824 1073741824 1073741824 1073741824 1073741824 1073741824 1073741824 1073741824 1073741824 1073741824 0 -6 -6 -32 -37 -547 
1073741824 1073741824 1073741824 1073741824 1073741824 1073741824 1073741824 1073741824 1073741824 1073741824 1073741824 1073741824 1073741824 1073741824 1073741824 1073741824 1073741824 1073741824 1073741824 1073741824 1073741824 1073741824 1073741824 1073741824 1073741824 1073741824 1073741824 1073741824 1073741824 1073741824 1073741824 1073741824 1073741824 1073741824 1073741824 1073741824 1073741824 1073741824 1073741824 1073741824 1073741824 1073741824 1073741824 1073741824 1073741824 0 1073741824 -14 -47 -56 
1073741824 1073741824 1073741824 1073741824 1073741824 1073741824 1073741824 1073741824 1073741824 1073741824 1073741824 1073741824 1073741824 1073741824 1073741824 1073741824 1073741824 1073741824 1073741824 1073741824 1073741824 1073741824 1073741824 1073741824 1073741824 1073741824 1073741824 1073741824 1073741824 1073741824 1073741824 1073741824 1073741824 1073741824 1073741824 1073741824 1073741824 1073741824 1073741824 1073741824 1073741824 1073741824 1073741824 1073741824 1073741824 1073741824 0 1073741824 -8 -532 
1073741824 1073741824 1073741824 1073741824 1073741824 1073741824 1073741824 1073741824 1073741824 1073741824 1073741824 1073741824 1073741824 1073741824 1073741824 1073741824 1073741824 1073741824 1073741824 1073741824 1073741824 1073741824 1073741824 1073741824 1073741824 1073741824 1073741824 1073741824 1073741824 1073741824 1073741824 1073741824 1073741824 1073741824 1073741824 1073741824 1073741824 1073741824 1073741824 1073741824 1073741824 1073741824 1073741824 1073741824 1073741824 1073741824 1073741824 0 -18 -11 
1073741824 1073741824 1073741824 1073741824 1073741824 1073741824 1073741824 1073741824 1073741824 1073741824 1073741824 1073741824 1073741824 1073741824 1073741824 1073741824 1073741824 1073741824 1073741824 1073741824 1073741824 1073741824 1073741824 1073741824 1073741824 1073741824 1073741824 1073741824 1073741824 1073741824 1073741824 1073741824 1073741824 1073741824 1073741824 1073741824 1073741824 1073741824 1073741824 1073741824 1073741824 1073741824 1073741824 1073741824 1073741824 1073741824 1073741824 1073741824 0 386 
1073741824 1073741824 1073741824 1073741824 1073741824 1073741824 1073741824 1073741824 1073741824 1073741824 1073741824 1073741824 1073741824 1073741824 1073741824 1073741824 1073741824 1073741824 1073741824 1073741824 1073741824 1073741824 1073741824 1073741824 1073741824 1073741824 1073741824 1073741824 1073741824 1073741824 1073741824 1073741824 1073741824 1073741824 1073741824 1073741824 1073741824 1073741824 1073741824 1073741824 1073741824 1073741824 1073741824 1073741824 1073741824 1073741824 1073741824 1073741824 1073741824 0 
